4294967278,192
4294967279,187
4294967294,39
4294967294,42
4294967278,58
4294967278,57
4294967278,56
4294967278,55
4294967278,54
4294967278,53
4294967278,52
4294967278,51
4294967279,76
4294967279,75
4294967279,69
4294967279,68
4294967279,66
4294967279,65
4294967279,64
4294967279,62
4294967279,59
4294967279,58
4294967279,57
4294967279,56
4294967279,54
4294967279,53
4294967279,51
4294967279,49
4294967279,48
4294967279,46
4294967279,44
4294967279,40
4294967279,39
4294967279,38
4294967279,37
4294967279,73
4294967279,72
4294967279,71
4294967294,12
4294967294,68
4294967294,11
4294967279,183
4294967278,182
4294967279,182
4294967278,181
4294967278,180
4294967278,179
4294967278,176
4294967278,173
4294967279,61
4294967279,172
4294967278,132
4294967278,131
4294967278,130
4294967278,129
4294967278,128
4294967278,127
4294967278,126
4294967278,125
4294967278,124
4294967278,123
4294967278,122
4294967278,121
4294967278,120
4294967278,119
4294967278,118
4294967278,117
4294967278,116
4294967278,115
4294967278,114
4294967278,113
4294967278,112
4294967278,111
4294967278,110
4294967278,109
4294967278,108
4294967278,225
4294967278,107
4294967278,106
4294967278,105
4294967278,104
4294967278,103
4294967278,215
4294967278,102
4294967278,101
4294967278,100
4294967278,99
4294967278,98
4294967278,97
4294967278,96
4294967278,95
4294967278,94
4294967278,93
4294967278,92
4294967278,91
4294967278,90
4294967278,89
4294967278,87
4294967278,86
4294967278,85
4294967278,84
4294967278,83
4294967278,82
4294967278,81
4294967278,80
4294967278,79
4294967278,78
4294967278,77
4294967278,76
4294967278,75
4294967278,74
4294967278,73
4294967278,72
4294967278,71
4294967278,70
4294967278,69
4294967278,68
4294967278,67
4294967278,66
4294967278,65
4294967278,64
4294967278,63
4294967278,62
4294967278,60
4294967278,59
4294967279,174
4294967279,218
4294967279,214
4294967279,77
4294967279,74
4294967279,70
4294967279,67
4294967279,63
4294967279,60
4294967279,52
4294967279,45
4294967279,43
4294967279,36
4294967279,35
4294967279,34
4294967279,33
4294967279,31
4294967279,30
4294967279,29
4294967279,28
4294967279,26
4294967279,25
4294967279,22
4294967279,20
4294967279,19
4294967279,18
4294967279,17
4294967279,16
4294967279,15
4294967279,14
4294967279,13
4294967279,11
4294967279,5
4294967279,55
4294967278,305
4294967279,42
4294967279,297
4294967278,304
4294967279,162
4294967279,328
4294967279,50
4294967278,159
4294967278,157
4294967279,157
4294967278,156
133,6
133,5
4294967278,155
133,4
133,3
133,2
133,1
4294967278,154
4294967279,41
4294967279,32
4294967279,561
4294967278,331
4294967279,146
4294967279,517
4294967279,27
130,6
4294967278,290
4294967279,24
4294967279,284
4294967278,328
4294967279,23
4294967279,21
4294967279,268
4294967278,287
4294967278,274
130,5
130,4
4294967278,273
130,3
130,2
130,1
4294967278,283
4294967279,12
4294967279,317
4294967279,9
4294967278,325
4294967279,10
4294967279,259
128,6
4294967279,8
4294967279,513
4294967278,263
4294967279,7
4294967279,274
4294967278,279
4294967279,6
4294967294,168
4294967294,189
4294967294,397
4294967294,113
4294967294,408
4294967294,449
4294967278,259
4294967279,4
4294967279,319
128,5
128,4
128,3
128,2
128,1
4294967294,1418
4294967294,437
126,4
126,3
126,2
126,1
4294967279,248
125,4
125,3
125,2
125,1
4294967278,243
124,4
124,3
124,2
124,1
4294967279,231
4294967279,232
123,5
4294967294,192
4294967294,89
123,4
123,3
123,2
123,1
122,4
4294967279,219
122,3
122,2
122,1
4294967278,218
4294967279,566
121,6
4294967279,327
4294967278,394
4294967278,393
121,5
4294967278,209
4294967279,209
4294967278,208
121,4
4294967279,208
121,3
121,2
121,1
4294967279,207
4294967278,205
4294967279,203
4294967278,204
4294967279,315
120,5
4294967279,202
120,4
120,3
120,2
120,1
4294967279,200
4294967294,470
4294967279,199
4294967279,198
4294967279,326
4294967279,197
119,5
4294967278,195
119,4
4294967279,194
119,3
119,2
119,1
4294967279,533
4294967278,193
4294967279,193
4294967294,99
4294967294,76
4294967279,192
4294967279,191
4294967278,190
4294967279,190
118,4
4294967278,189
118,3
118,2
118,1
4294967279,189
4294967278,188
4294967279,538
4294967278,392
4294967278,342
4294967278,315
4294967279,528
4294967278,379
4294967279,527
4294967278,339
4294967279,526
4294967294,469
4294967278,338
4294967279,525
4294967294,395
4294967294,396
4294967294,420
4294967294,467
4294967294,464
4294967294,191
4294967294,400
4294967294,180
4294967294,110
4294967294,53
4294967294,417
4294967294,51
4294967279,306
4294967294,91
4294967294,90
4294967294,87
4294967294,86
4294967294,472
4294967294,82
4294967278,336
4294967279,524
4294967294,50
4294967294,84
4294967294,120
4294967278,334
4294967278,175
4294967278,313
4294967279,305
4294967279,47
4294967279,304
4294967278,61
4294967278,335
4294967294,81
4294967279,523
4294967278,332
4294967278,170
4294967279,170
4294967278,168
4294967279,168
4294967279,167
4294967279,166
4294967279,165
4294967279,164
4294967278,163
4294967279,163
4294967278,162
4294967279,295
4294967279,161
4294967278,160
4294967278,158
4294967279,158
4294967279,155
4294967279,154
4294967279,153
4294967279,152
117,4
4294967279,151
117,3
117,2
117,1
4294967294,205
4294967294,199
4294967294,38
4294967278,295
4294967279,518
4294967279,288
116,6
4294967294,1417
4294967278,383
4294967279,574
4294967294,1416
4294967294,1414
4294967278,145
4294967278,391
4294967278,346
4294967278,0
4294967279,143
116,5
4294967278,139
116,4
116,3
116,2
116,1
4294967279,137
4294967278,138
4294967294,170
4294967294,1007
4294967294,1012
4294967294,436
4294967278,136
4294967278,135
4294967278,289
4294967278,134
4294967279,133
4294967278,288
4294967279,271
4294967278,363
4294967278,284
4294967294,999
4294967294,128
4294967294,186
114,6
4294967278,275
4294967294,5
4294967294,2
4294967279,266
